
================================================================================
CARACT
================================================================================

mois (12 valeurs)
mois
1     4069
2     3792
3     4370
4     4586
5     4517
6     5135
7     5209
8     4450
9     4620
10    4803
11    4477
12    4374

an (1 valeurs)
an
2024    54402

lum (5 valeurs)
lum
1    35580
2     3599
3     6101
4      623
5     8499

agg (2 valeurs)
agg
1    20392
2    34010

int (9 valeurs)
int
1    34589
2     6289
3     6451
4     1048
5      263
6     2717
7      453
8      138
9     2454

atm (9 valeurs)
atm
1    41802
2     6779
3     1449
4      233
5      529
6      169
7      817
8     2374
9      250

col (8 valeurs)
col
-1        6
 1     6057
 2     7162
 3    16371
 4     1821
 5     1554
 6    15968
 7     5463

================================================================================
LIEUX
================================================================================

catr (8 valeurs)
catr
1     5181
2     3968
3    26452
4    31977
5       63
6      441
7     1941
9      225

v1 (4 valeurs)
v1
-1    16272
 0    53866
 2       94
 3       16

v2 (28 valeurs)
v2
 -        73
A        869
B         97
C        141
D       3893
E        129
F         15
G         16
H          5
I          4
J          4
K          5
L          7
M        138
N        300
O          8
P          2
Q          2
R         94
S         10
T         27
U         10
V         20
W          3
X         31
Y          1
Z         12
NaN    64332

circ (5 valeurs)
circ
-1     4354
 1    14195
 2    43402
 3     7909
 4      388

nbv (15 valeurs)
nbv
 -1              4178
#VALEURMULTI       50
0                2346
1                8174
10                 36
11                  1
12                 14
2               42693
3                5243
4                5488
5                 651
6                1048
7                  70
8                 238
9                  18

vosp (5 valeurs)
vosp
-1     3832
 0    57329
 1     3870
 2     2632
 3     2585

prof (5 valeurs)
prof
-1       50
 1    57751
 2    10531
 3     1026
 4      890

plan (5 valeurs)
plan
-1       40
 1    57756
 2     6079
 3     5587
 4      786

lartpc (16 valeurs)
lartpc
1          1
10         1
12         1
14         1
2          3
2,5        3
3          6
3,5        4
4          6
4,5        1
5          2
6,2        1
7          1
8,5        1
9          1
NaN    70215

surf (10 valeurs)
surf
-1       38
 1    54953
 2    14257
 3      125
 4       43
 5      120
 6       63
 7      268
 8       85
 9      296

infra (11 valeurs)
infra
-1      812
 0    58188
 1      686
 2     1051
 3      788
 4      234
 5     4900
 6      665
 7       37
 8      444
 9     2443

situ (8 valeurs)
situ
-1       38
 1    58833
 2      299
 3     3982
 4     1447
 5     1771
 6      895
 8     2983

================================================================================
VEHICULES
================================================================================

senc (5 valeurs)
senc
-1       68
 0     4812
 1    41285
 2    31450
 3    15063

obs (19 valeurs)
obs
-1        27
 0     78800
 1      2259
 2      1508
 3      1202
 4      1371
 5       190
 6      1049
 7       264
 8      1124
 9       492
 10       91
 11      155
 12      818
 13     1652
 14      652
 15      515
 16      416
 17       93

obsm (8 valeurs)
obsm
-1       30
 0    17572
 1     8354
 2    64549
 4       90
 5       96
 6      138
 9     1849

choc (11 valeurs)
choc
-1       44
 0     6083
 1    33858
 2    11009
 3    13928
 4     8844
 5     2558
 6     3202
 7     5521
 8     6307
 9     1324

manv (28 valeurs)
manv
-1        27
 0      6801
 1     38129
 2     10451
 3      1143
 4       413
 5      1196
 6       184
 7       183
 8        30
 9      2458
 10      572
 11     1170
 12     1024
 13     4123
 14     1820
 15     7210
 16     2471
 17     2860
 18      397
 19     2241
 20      544
 21     1335
 22      229
 23     2067
 24      422
 25      289
 26     2889

motor (8 valeurs)
motor
-1      192
 0     3888
 1    72964
 2     4046
 3     6000
 4       48
 5     5285
 6      255

occutc (24 valeurs)
occutc
0.0         2
1.0       718
2.0        84
3.0        54
4.0        26
5.0        22
6.0         6
7.0         7
8.0         6
9.0         4
10.0        4
11.0        2
12.0        2
13.0        2
19.0        1
28.0        1
32.0        1
43.0        1
46.0        2
47.0        1
50.0        1
51.0        1
56.0        1
NaN     91729

================================================================================
USAGERS
================================================================================

place (11 valeurs)
place
-1         3
 1     92567
 2     14120
 3      2500
 4      2419
 5       703
 6       184
 7      1304
 8       625
 9      1361
 10     9401

catu (3 valeurs)
catu
1    92581
2    23205
3     9401

grav (4 valeurs)
grav
1    52920
2     3432
3    19126
4    49709

sexe (3 valeurs)
sexe
-1     2395
 1    83864
 2    38928

trajet (8 valeurs)
trajet
-1     2626
 0    35024
 1    15582
 2     2828
 3     3685
 4    10589
 5    45375
 9     9478

secu1 (11 valeurs)
secu1
-1     2103
 0    12216
 1    72919
 2    21246
 3      723
 4      104
 5       25
 6      126
 7        2
 8    15584
 9      139

secu2 (11 valeurs)
secu2
-1    53813
 0    47166
 1      125
 2      111
 3      206
 4     1292
 5     1172
 6    11610
 7      143
 8     9136
 9      413

secu3 (11 valeurs)
secu3
-1    113133
 0     10516
 1         4
 2         2
 3         1
 4        43
 5        19
 6        85
 7         6
 8       373
 9      1005

locp (11 valeurs)
locp
-1    61771
 0    53151
 1     1457
 2     2063
 3     3365
 4     1539
 5      847
 6      330
 7        7
 8      157
 9      500

actp (13 valeurs)
actp
 -1    61726
0      53212
1        658
2        327
3       7585
4         95
5        327
6         21
7         23
8         14
9        685
A        152
B        362

etatp (4 valeurs)
etatp
-1    114932
 1      7935
 2      1941
 3       379
